0 1.5147507629704984
1 1.4994913530010172
2 1.496439471007121
3 1.4971515768056967
4 1.5030315361139368
5 1.5042726347914546
6 1.4990844354018311
7 1.4974059003051883
8 1.4955126031423083
9 1.4990233977619531
10 1.4989179691112549
11 1.498897931502204
12 1.49986696924642
13 1.499941868914402
14 1.4983519837232961
15 1.498410478128179
16 1.4982107593800489
17 1.4997626314004746
18 1.500219521336403
19 1.50088504577823
20 1.501380613282953
21 1.5012577453065754
22 1.4996771197310805
23 1.4987114276025773
24 1.4984008138351985
25 1.4973863369590734
26 1.4978410760709846
27 1.4981034733323644
28 1.4979689199144068
29 1.4987317734825363
30 1.4991238145243329
31 1.4985503560528994
32 1.49825826936712
33 1.4983424091915507
34 1.4993460252870225
35 1.49916355826834
36 1.4988919743751894
37 1.4994592279273977
38 1.500185199676553
39 1.5002543234994914
40 1.500285338560405
41 1.5004069175991863
42 1.5004991837990016
43 1.5003560528992879
44 1.5005267322256133
45 1.4998540404263792
46 1.499867968225796
47 1.5001017293997965
48 1.5001307949425953
49 1.5006429298067139
