0 1.5008442324293874
1 1.5008348269792828
2 1.500819866585712
3 1.5007521567433777
4 1.5006618395069118
5 1.5006318349440488
6 1.5005585221132798
7 1.500503915398992
8 1.500514145885458
9 1.5005321230143203
10 1.500512544677136
11 1.5004395331319456
12 1.500381001744485
13 1.5002697370449152
14 1.5001477955431006
15 1.5001529765410477
16 1.5001565946940687
17 1.5001487982265682
18 1.5000434902638535
19 1.500011303266644
20 1.5000078830900212
21 1.5000665729160434
22 1.5000853334525766
23 1.50011955060852
24 1.5001298437066495
25 1.5001850295604995
26 1.5002317373692116
27 1.5002663992915537
28 1.5002548704317484
29 1.5001911059439037
30 1.5001654460345446
31 1.5001796497911302
32 1.5001513359622416
33 1.5000852521026466
34 1.5000510431725296
35 1.5000078253384461
36 1.5000287110849602
37 1.49994489657511
38 1.4998855984258341
39 1.4999473813449327
40 1.500043698195789
41 1.5000661937875388
42 1.500043399914589
43 1.5000802762610639
44 1.500167250030174
45 1.500250886695444
46 1.5002846368054912
47 1.5002710508169075
48 1.5001827046411063
49 1.5001831129196337
