0.016 0.05 0.04736842105263158
0.016 0.1 0.09052631578947369
0.016 0.15 0.10842105263157895
0.016 0.2 0.2326315789473684
0.016 0.25 0.19789473684210526
0.016 0.3 0.25157894736842107
0.016 0.35 0.3105263157894737
0.016 0.4 0.5157894736842106
0.016 0.45 0.8463157894736842
0.016 0.5 0.9536842105263158
0.023 0.05 0.035789473684210524
0.023 0.1 0.08526315789473685
0.023 0.15 0.15052631578947367
0.023 0.2 0.11368421052631579
0.023 0.25 0.2536842105263158
0.023 0.3 0.27263157894736845
0.023 0.35 0.2831578947368421
0.023 0.4 0.43157894736842106
0.023 0.45 0.8010526315789473
0.023 0.5 0.9452631578947368
0.034 0.05 0.023157894736842106
0.034 0.1 0.07263157894736842
0.034 0.15 0.09894736842105263
0.034 0.2 0.16421052631578947
0.034 0.25 0.21894736842105264
0.034 0.3 0.25684210526315787
0.034 0.35 0.36105263157894735
0.034 0.4 0.4442105263157895
0.034 0.45 0.651578947368421
0.034 0.5 0.9021052631578947
0.050 0.05 0.022105263157894735
0.050 0.1 0.06315789473684211
0.050 0.15 0.0863157894736842
0.050 0.2 0.11473684210526315
0.050 0.25 0.15789473684210525
0.050 0.3 0.20210526315789473
0.050 0.35 0.2326315789473684
0.050 0.4 0.5010526315789474
0.050 0.45 0.5063157894736842
0.050 0.5 0.8347368421052631
0.073 0.05 0.022105263157894735
0.073 0.1 0.04105263157894737
0.073 0.15 0.08315789473684211
0.073 0.2 0.08736842105263158
0.073 0.25 0.13578947368421052
0.073 0.3 0.18842105263157893
0.073 0.35 0.21052631578947367
0.073 0.4 0.3726315789473684
0.073 0.45 0.4231578947368421
0.073 0.5 0.7863157894736842
0.107 0.05 0.018947368421052633
0.107 0.1 0.03263157894736842
0.107 0.15 0.06736842105263158
0.107 0.2 0.07368421052631578
0.107 0.25 0.1031578947368421
0.107 0.3 0.1431578947368421
0.107 0.35 0.22526315789473683
0.107 0.4 0.21473684210526317
0.107 0.45 0.4189473684210526
0.107 0.5 0.62
0.157 0.05 0.014736842105263158
0.157 0.1 0.029473684210526315
0.157 0.15 0.04842105263157895
0.157 0.2 0.061052631578947365
0.157 0.25 0.07684210526315789
0.157 0.3 0.1168421052631579
0.157 0.35 0.16
0.157 0.4 0.22210526315789475
0.157 0.45 0.32105263157894737
0.157 0.5 0.5936842105263158
0.231 0.05 0.01368421052631579
0.231 0.1 0.028421052631578948
0.231 0.15 0.04105263157894737
0.231 0.2 0.05052631578947368
0.231 0.25 0.1
0.231 0.3 0.12736842105263158
0.231 0.35 0.13473684210526315
0.231 0.4 0.15157894736842106
0.231 0.45 0.3105263157894737
0.231 0.5 0.45473684210526316
0.340 0.05 0.009473684210526316
0.340 0.1 0.02526315789473684
0.340 0.15 0.03263157894736842
0.340 0.2 0.05789473684210526
0.340 0.25 0.08105263157894736
0.340 0.3 0.10210526315789474
0.340 0.35 0.13789473684210526
0.340 0.4 0.15368421052631578
0.340 0.45 0.24210526315789474
0.340 0.5 0.38
0.500 0.05 0.021052631578947368
0.500 0.1 0.030526315789473683
0.500 0.15 0.02526315789473684
0.500 0.2 0.03368421052631579
0.500 0.25 0.06
0.500 0.3 0.09789473684210526
0.500 0.35 0.09473684210526316
0.500 0.4 0.17894736842105263
0.500 0.45 0.16631578947368422
0.500 0.5 0.3568421052631579
